2006-12-17 04:00:00
[2.21576667e+00 9.34666667e-02 2.43855500e+02 9.33333333e+00
 0.00000000e+00 5.66666667e-01 8.88333333e+00]
1.0905839555118113
2006-12-17 05:00:00
[1.99673333e+00 6.02333333e-02 2.43710167e+02 8.56666667e+00
 0.00000000e+00 1.66666667e-01 4.65000000e+00]
1.329794666017388
2006-12-20 00:00:00
[4.59833333e-01 1.46000000e-01 2.45811333e+02 1.98666667e+00
 0.00000000e+00 7.16666667e-01 0.00000000e+00]
0.15631807716988905
2006-12-20 01:00:00
[2.58666667e-01 5.66666667e-02 2.43805333e+02 1.11333333e+00
 0.00000000e+00 1.66666667e-01 0.00000000e+00]
0.12498055374804848
2006-12-20 02:00:00
[7.84366667e-01 1.23600000e-01 2.45567500e+02 3.24333333e+00
 0.00000000e+00 7.00000000e-01 7.93333333e+00]
0.4852098124650026
2006-12-20 03:00:00
[3.10033333e-01 6.84666667e-02 2.46150833e+02 1.34333333e+00
 0.00000000e+00 1.66666667e-01 7.00000000e-01]
0.17989671940521584
2006-12-20 04:00:00
[2.89000000e-01 9.74333333e-02 2.46433667e+02 1.24666667e+00
 0.00000000e+00 4.66666667e-01 0.00000000e+00]
0.16838844257709049
2006-12-20 05:00:00
[2.627000e-01 7.720000e-02 2.447955e+02 1.120000e+00 0.000000e+00
 2.000000e-01 0.000000e+00]
0.1678001028286704
2006-12-20 08:00:00
[2.91760000e+00 8.82000000e-02 2.39792333e+02 1.22033333e+01
 0.00000000e+00 9.61666667e+00 1.76166667e+01]
1.8269456875586416
2006-12-20 09:00:00
[1.38553333e+00 1.08366667e-01 2.43122833e+02 5.62666667e+00
 0.00000000e+00 5.33333333e-01 1.81000000e+01]
2.3560589676208274
2006-12-20 20:00:00
[  3.57546667   0.26553333 236.34516667  15.13666667   0.
   0.51666667  17.11666667]
8.012649079830567
2006-12-21 00:00:00
[1.53586667e+00 1.55533333e-01 2.43425833e+02 6.32333333e+00
 0.00000000e+00 0.00000000e+00 1.81333333e+01]
0.568914234815097
2006-12-21 02:00:00
[1.27490000e+00 3.93000000e-02 2.43653667e+02 5.15000000e+00
 0.00000000e+00 0.00000000e+00 1.72000000e+01]
0.6596075409548265
2006-12-21 18:00:00
[2.44330000e+00 1.19833333e-01 2.33894333e+02 1.04166667e+01
 0.00000000e+00 7.00000000e-01 1.67666667e+01]
0.8941379220359074
2006-12-21 19:00:00
[2.19713333e+00 9.44333333e-02 2.35000500e+02 9.35666667e+00
 4.68333333e+00 1.66666667e-01 1.17000000e+01]
1.2554449696553236
2006-12-23 05:00:00
[2.22910000e+00 1.12766667e-01 2.42449167e+02 9.53000000e+00
 0.00000000e+00 4.66666667e-01 7.06666667e+00]
1.5266834353369705
2006-12-24 03:00:00
[1.60676667e+00 7.19000000e-02 2.46862000e+02 7.34666667e+00
 0.00000000e+00 1.50000000e-01 0.00000000e+00]
0.8094630638733803
2006-12-24 18:00:00
[5.05200000e-01 1.19400000e-01 2.41156333e+02 2.11000000e+00
 0.00000000e+00 6.00000000e-01 0.00000000e+00]
0.30925635973857357
2006-12-24 23:00:00
[4.86333333e-01 1.02166667e-01 2.43092333e+02 2.01333333e+00
 0.00000000e+00 4.50000000e-01 0.00000000e+00]
0.23448603517626337